lastAccountName: FatherOfGod
timestamps:
  login: 1499319301159
  logout: 1499319329059
ipAddress: 27.3.1.85
lastlocation:
  world: world
  x: 287.0
  y: 89.0
  z: -384.0
  yaw: 0.0
  pitch: 0.0
logoutlocation:
  world: world
  x: 282.52770967320276
  y: 65.0
  z: -404.00202283726315
  yaw: -60.15
  pitch: 28.949879
