lastAccountName: PhannHai
timestamps:
  login: 1499496325958
  logout: 1499496353727
ipAddress: 27.3.1.250
lastlocation:
  world: world
  x: 287.0
  y: 89.0
  z: -384.0
  yaw: 0.0
  pitch: 0.0
logoutlocation:
  world: spawn
  x: 7.988918246416285
  y: 97.0
  z: -2.554629446384156
  yaw: 54.906498
  pitch: -87.3
