lastAccountName: Koru_Nanbaka
timestamps:
  login: 1500130821959
  kits:
    pariah: 1500130937013
  lastteleport: 1500131369926
  logout: 1500131535551
ipAddress: 171.226.3.89
lastlocation:
  world: world
  x: 11707.729311081082
  y: 67.02442408821369
  z: 14996.467099053765
  yaw: 263.32922
  pitch: 20.371283
logoutlocation:
  world: world
  x: 12044.89657961788
  y: 64.0
  z: 14924.221652173203
  yaw: 71.09433
  pitch: 35.804646
