lastAccountName: TienLegend
timestamps:
  login: 1500127393293
  lastteleport: 1500127504367
  logout: 1500127566501
  kits:
    slave: 1499233884958
    op: 1499179641788
    citizen: 1499422562443
  mute: 0
  jail: 0
  lastheal: 1499481734255
ipAddress: 183.81.52.207
lastlocation:
  world: spawn
  x: 16.30000001192093
  y: 99.0
  z: -0.30000001192093007
  yaw: 12.314117
  pitch: 36.300022
afk: false
logoutlocation:
  world: spawn
  x: -27.480970522168747
  y: 103.0
  z: 2.447309986258876
  yaw: 22.506958
  pitch: 24.750017
nickname: Lololol
godmode: false
money: '0'
muted: false
jailed: false
