lastAccountName: tramhoangminh12
timestamps:
  login: 1499424721552
  logout: 1499424728905
  lastteleport: 1499422898308
ipAddress: 116.102.112.175
lastlocation:
  world: world
  x: -167.5
  y: 66.0
  z: -562.5
  yaw: -179.84753
  pitch: -6.450146
logoutlocation:
  world: PvPArea
  x: 810.5806795082725
  y: 21.0
  z: 367.5051398959593
  yaw: 220.02345
  pitch: 13.050082
