lastAccountName: BabyCows
timestamps:
  login: 1499869559213
  logout: 1499869559829
  kits:
    slave: 1499869261548
ipAddress: 183.81.52.252
lastlocation:
  world: world
  x: 287.0
  y: 89.0
  z: -384.0
  yaw: 0.0
  pitch: 0.0
logoutlocation:
  world: spawn
  x: -26.135531320410436
  y: 103.09375
  z: -1.469790056973602
  yaw: 97.05673
  pitch: 1.6263128E-5
