lastAccountName: phanmy2412
timestamps:
  login: 1499396926979
  logout: 1499397347993
ipAddress: 115.77.171.105
lastlocation:
  world: world
  x: 276.36734223602696
  y: 66.0
  z: -411.19249372396195
  yaw: -27.852356
  pitch: 13.799985
logoutlocation:
  world: world
  x: 282.47599342133975
  y: 65.0
  z: -404.7360643672747
  yaw: -253.4529
  pitch: 38.249878
