lastAccountName: TheBronx_
timestamps:
  login: 1501002285678
  logout: 1501004021752
  lastteleport: 1501001768952
  kits:
    pariah: 1500557904776
    food: 1500445330496
  jail: 0
  mute: 0
ipAddress: 113.190.99.8
lastlocation:
  world: world
  x: 24375.30000001192
  y: 57.5
  z: 24488.30000001192
  yaw: 55.00798
  pitch: 5.14933
logoutlocation:
  world: world
  x: 24375.30000001192
  y: 57.5
  z: 24488.30000001192
  yaw: 55.00798
  pitch: 5.14933
homes:
  home:
    world: world
    x: 24972.58934969563
    y: 151.5
    z: 24997.48924947306
    yaw: -137.1123
    pitch: 42.96222
money: '176022.530000000000413'
jailed: false
muted: false
