lastAccountName: DuyBinh
timestamps:
  login: 1500223536630
  logout: 1500224127765
ipAddress: 183.81.52.207
lastlocation:
  world: world
  x: 287.0
  y: 89.0
  z: -384.0
  yaw: 0.0
  pitch: 0.0
logoutlocation:
  world: spawn
  x: 15.699999988079078
  y: 97.0
  z: -2.266045389739419
  yaw: -94.4931
  pitch: 30.150017
