lastAccountName: bot_1
timestamps:
  login: 1500437899663
  logout: 1500437923627
ipAddress: 115.72.13.198
lastlocation:
  world: spawn
  x: 8.5
  y: 97.0
  z: -2.5
  yaw: -94.6434
  pitch: -7.7999864
logoutlocation:
  world: spawn
  x: 53.25270464012576
  y: 95.0
  z: 22.442619623082845
  yaw: -148.64955
  pitch: 40.2
