lastAccountName: xBloodWolf1x
timestamps:
  login: 1500041433813
  lastteleport: 1500041501180
  logout: 1500041865403
ipAddress: 113.174.33.89
lastlocation:
  world: spawn
  x: 29.312898638474092
  y: -237.70337985920764
  z: 26.008447753233995
  yaw: 136.20728
  pitch: 61.650017
logoutlocation:
  world: spawn
  x: 31.57152713688176
  y: 97.1212968405392
  z: -24.69999998807907
  yaw: 186.75624
  pitch: 13.799982
