lastAccountName: LordForn
timestamps:
  login: 1500266555841
  logout: 1500266565472
  lastteleport: 1500040385590
ipAddress: 14.171.226.31
lastlocation:
  world: PvPArea
  x: 801.632953067916
  y: 21.0
  z: 367.91046415177044
  yaw: -91.50009
  pitch: 5.0999675
logoutlocation:
  world: spawn
  x: 6.317620217671713
  y: 106.0
  z: 4.221950084571054
  yaw: -179.3919
  pitch: 34.34997
