lastAccountName: RoboidNQV
timestamps:
  login: 1499775222031
  logout: 1499775226169
ipAddress: 183.81.52.9
lastlocation:
  world: world
  x: 287.0
  y: 89.0
  z: -384.0
  yaw: 0.0
  pitch: 0.0
logoutlocation:
  world: spawn
  x: 8.5
  y: 97.0
  z: -2.5
  yaw: -92.69329
  pitch: 0.9000168
