lastAccountName: GalaticWolf
timestamps:
  login: 1500552037006
  logout: 1500553251783
  lastteleport: 1500552867627
ipAddress: 115.75.0.240
lastlocation:
  world: spawn
  x: 26.43259610787099
  y: -199.8334800191788
  z: -18.541461581157378
  yaw: -167.69232
  pitch: 48.75008
logoutlocation:
  world: spawn
  x: 12.300000011920927
  y: 102.5
  z: -6.903203624639037
  yaw: -288.59348
  pitch: 28.200016
