lastAccountName: BuZuBaZa
timestamps:
  login: 1500621045045
  logout: 1500621071540
ipAddress: 1.52.34.112
lastlocation:
  world: world
  x: 287.0
  y: 88.8039999961853
  z: -384.0
  yaw: 0.0
  pitch: 0.0
logoutlocation:
  world: spawn
  x: 13.30293286858107
  y: 97.0
  z: -2.5319170803788182
  yaw: -269.24344
  pitch: 22.500015
