lastAccountName: tan
timestamps:
  login: 1499765083298
  logout: 1499765092402
ipAddress: 14.164.98.74
lastlocation:
  world: world
  x: 287.0
  y: 89.0
  z: -384.0
  yaw: 0.0
  pitch: 0.0
logoutlocation:
  world: spawn
  x: 8.5
  y: 97.0
  z: -2.5
  yaw: -95.39331
  pitch: 1.6519427E-5
