lastAccountName: TriHN0301
timestamps:
  login: 1499599657392
  logout: 1499599664920
ipAddress: 14.164.98.74
logoutlocation:
  world: spawn
  x: 7.5
  y: 97.0
  z: -2.5
  yaw: -93.89349
  pitch: -20.400024
lastlocation:
  world: world
  x: 287.0
  y: 89.0
  z: -384.0
  yaw: 0.0
  pitch: 0.0
