lastAccountName: evidark666
timestamps:
  login: 1500133921508
  logout: 1500133934803
ipAddress: 42.119.152.51
lastlocation:
  world: world
  x: 287.0
  y: 89.0
  z: -384.0
  yaw: 0.0
  pitch: 0.0
logoutlocation:
  world: spawn
  x: 8.957710108293494
  y: 97.0
  z: -2.541980949575575
  yaw: -84.4433
  pitch: -58.199986
