lastAccountName: Razer191
timestamps:
  login: 1500348363180
  logout: 1500348395940
ipAddress: 14.177.88.180
lastlocation:
  world: world
  x: 287.0
  y: 89.0
  z: -384.0
  yaw: 0.0
  pitch: 0.0
logoutlocation:
  world: spawn
  x: 20.30000001192093
  y: 99.9375
  z: -5.320526486060813
  yaw: -276.89334
  pitch: -2.8499851
