lastAccountName: hackercc
timestamps:
  login: 1500557881244
  mute: 0
  kits:
    pariah: 1500558029810
    food: 1500558040500
  lastteleport: 1500558056239
  logout: 1500558373244
ipAddress: 113.174.124.78
lastlocation:
  world: spawn
  x: 13.897863948364755
  y: 101.0
  z: 4.55488323166084
  yaw: -339.43842
  pitch: 17.592155
muted: false
logoutlocation:
  world: world
  x: -2666.19822043014
  y: 42.0
  z: 2822.587335996082
  yaw: 292.38846
  pitch: 21.625175
