lastAccountName: CariCraft
timestamps:
  login: 1500300514577
  logout: 1500300526961
ipAddress: 113.161.32.94
lastlocation:
  world: world
  x: 287.0
  y: 89.0
  z: -384.0
  yaw: 0.0
  pitch: 0.0
logoutlocation:
  world: spawn
  x: 8.928219875847198
  y: 97.0
  z: -2.541554263651864
  yaw: -91.7934
  pitch: 22.200005
