lastAccountName: Tis
timestamps:
  login: 1500875084824
  logout: 1500875096334
ipAddress: 1.52.34.112
lastlocation:
  world: world
  x: 287.0
  y: 89.0
  z: -384.0
  yaw: 0.0
  pitch: 0.0
logoutlocation:
  world: spawn
  x: 8.928634265085618
  y: 97.0
  z: -2.537035976854516
  yaw: -80.69341
  pitch: -2.999986
