lastAccountName: exwords
timestamps:
  login: 1500735960997
  logout: 1500736226066
ipAddress: 27.2.64.12
lastlocation:
  world: spawn
  x: 37.16450236290286
  y: 102.0
  z: -28.689549459434687
  yaw: 91.3566
  pitch: 43.05002
logoutlocation:
  world: spawn
  x: 32.79829053023296
  y: 101.0
  z: 3.2778801305132417
  yaw: 1.0566497
  pitch: 5.5500093
