lastAccountName: Tat_vo
timestamps:
  login: 1500040438266
  logout: 1500040466247
ipAddress: 42.112.185.215
lastlocation:
  world: world
  x: 287.0
  y: 89.0
  z: -384.0
  yaw: 0.0
  pitch: 0.0
logoutlocation:
  world: spawn
  x: 8.687822955047258
  y: 97.0
  z: -2.5048042099716357
  yaw: -90.0
  pitch: -6.4499836
