jails: 
  normal_3: 
    world: Jail
    x: 33.54862279089891
    y: 88.0625
    z: 9.48976534387332
    yaw: 89.83888
    pitch: -9.750009
  normal_2: 
    world: Jail
    x: 33.66978645350387
    y: 88.0625
    z: -5.5702756083046925
    yaw: 87.88905
    pitch: -3.4500117
  normal_1: 
    world: Jail
    x: 33.65657633705708
    y: 88.0625
    z: -20.486476823749044
    yaw: 93.589066
    pitch: -11.249983
  normal_4: 
    world: Jail
    x: 33.3149968455333
    y: 88.0625
    z: 24.534839250201912
    yaw: 89.83894
    pitch: -7.2000146
