spawns: 
  default: 
    world: spawn
    x: 8.155053342899656
    y: 97.0
    z: -2.443543809014938
    yaw: -94.6434
    pitch: -7.7999864
