world: spawn
x: -5.359027076381733
y: 118.0
z: 13.978031482021803
yaw: 1.3546785
pitch: -21.149944
name: afk
