world: spawn
x: 27.963699961362085
y: 103.0
z: 12.052700235698529
yaw: 0.59680176
pitch: 2.699995
name: crate
