world: dungeon
x: 1.3353362705840557
y: 88.0
z: 1.3735609153334059
yaw: 179.86028
pitch: -14.550001
name: dungeon
