world: spawn
x: 31.851112638049756
y: 97.0
z: -23.539522127932504
yaw: -90.89625
pitch: 31.199944
name: enchant
