world: spawn
x: 40.69754684640793
y: 94.0
z: -23.568474453207237
yaw: 88.21393
pitch: -10.049975
name: enchanted
