world: Jail
x: -1.582839022398849
y: 108.5
z: 1.6795076541721428
yaw: -90.9103
pitch: -11.249997
name: jail
