world: minigame
x: 2605.4049345147855
y: 22.0
z: -1502.4960263267965
yaw: 77.0982
pitch: -8.850007
name: minigame
