world: PvPArea
x: 829.3757906374976
y: 60.0
z: 383.48387024447544
yaw: 90.0
pitch: -13.799996
name: pvp
