world: world
x: -167.15392221850635
y: 66.0
z: -562.5855503484757
yaw: 178.35524
pitch: -6.4500623
name: survival
