world: spawn
x: -24.916987011635154
y: 103.0
z: 6.5444145345809845
yaw: 90.45471
pitch: -0.29998127
name: trade
